night_2.jpg 379.0 250.5 326.5 235.0 455.0 278.0 200.5 218.5 134.0 204.5 259.0 205.5 442.0 179.5 452.5 194.0 328.5 129.5 
night_5.jpg 45.0 157.5 60.5 126.5 118.5 162.5 156.5 134.5 264.0 161.0 382.5 184.5 346.0 188.5 467.0 175.5 588.5 162.5 
night_13.jpg 452.5 268.0 642.5 388.5 813.5 305.0 754.5 233.5 653.0 150.0 235.0 390.5 336.0 361.0 562.5 325.0 627.5 262.5 
night_10.jpg 1345.5 1020.5 675.5 1202.0 669.0 804.5 864.5 596.0 754.5 743.5 1737.5 1014.5 1810.0 1180.5 1434.0 576.0 1059.5 573.0 971.0 582.0 349.5 668.5 463.5 509.5 337.5 1148.0 1672.0 491.0 
night_6.jpg 399.0 395.0 890.5 427.0 128.5 145.5 271.0 236.5 377.0 232.5 566.5 342.5 634.0 291.5 572.0 240.0 547.5 331.5 601.0 309.0 451.0 193.5 822.5 295.5 778.5 304.0 952.5 283.0 
night_12.jpg 583.0 484.0 498.5 427.0 639.0 439.0 666.5 399.5 283.0 430.5 250.0 354.0 506.0 388.5 132.5 615.0 156.5 379.5 471.5 477.0 351.5 390.0 426.0 426.5 49.0 411.0 158.0 297.0 240.5 309.0 488.5 310.5 800.0 322.0 
night_9.jpg 61.5 81.5 103.5 109.0 128.5 100.5 142.5 138.5 181.0 158.0 184.5 101.5 153.5 104.0 261.5 120.5 244.5 116.5 209.0 95.5 248.0 100.5 
night_14.jpg 439.0 318.0 267.0 367.5 180.5 373.5 292.0 290.0 310.5 229.0 99.0 340.0 134.5 256.5 226.0 268.0 222.5 226.5 381.5 373.0 
night_19.jpg 321.5 343.0 
night_16.jpg 589.0 246.5 880.0 245.5 846.5 301.0 403.5 324.0 332.0 346.5 489.0 329.0 163.5 286.5 433.5 189.5 
night_1.jpg 134.0 85.0 255.5 91.0 188.5 37.0 170.5 28.5 253.0 45.0 208.5 39.0 
night_17.jpg 745.5 275.5 831.5 266.0 560.5 283.5 163.0 287.0 265.5 277.0 465.5 284.0 296.0 247.5 659.5 273.0 
night_3.jpg 409.5 543.5 449.5 460.5 296.5 509.0 270.5 466.0 241.5 582.5 228.0 438.5 322.5 441.0 110.5 506.5 201.5 501.5 166.5 459.5 548.5 490.5 
night_20.jpg 340.0 446.5 376.0 375.0 207.5 376.0 234.0 417.0 111.0 372.0 143.0 407.5 462.0 399.0 
night_18.jpg 393.5 156.0 322.0 82.5 366.0 67.5 220.0 164.0 420.0 59.0 430.0 71.5 278.5 86.0 
night_8.jpg 83.0 225.0 104.0 174.0 182.5 174.5 216.0 190.0 341.5 227.0 182.5 202.0 43.0 234.0 
night_4.jpg 285.5 299.5 213.5 303.0 176.0 294.5 113.0 303.5 86.5 331.0 46.0 333.5 73.0 305.0 33.5 300.5 93.0 301.0 76.5 284.0 5.0 292.5 
night_15.jpg 225.5 303.0 
night_11.jpg 895.5 402.5 851.0 435.5 412.0 342.5 504.5 276.5 400.0 367.0 112.5 437.0 238.0 407.0 217.0 367.5 
night_7.jpg 31.5 304.5 241.0 359.0 96.0 216.5 598.0 402.5 408.5 343.5 452.0 363.0 345.5 248.0 271.0 227.5 292.5 281.5 307.5 214.5 397.5 282.5 529.0 269.5 
sandstorm_2.jpeg -1 
sandstorm_9.jpg -1 
sandstorm_8.jpg 240.5 176.5 
sandstorm_14.jpg 58.5 104.5 182.0 71.0 134.5 109.0 
sandstorm_18.jpg 417.0 213.0 
sandstorm_4.jpeg 461.0 100.5 
sandstorm_11.jpg -1 
sandstorm_7.jpg 197.0 162.0 330.0 275.5 
sandstorm_19.jpg 40.0 59.5 87.5 50.0 101.5 77.0 276.5 42.0 237.0 48.5 
sandstorm_15.jpg 299.0 253.5 
sandstorm_13.jpg 300.5 113.0 291.5 113.5 
sandstorm_20.jpg 423.5 337.0 595.5 235.5 191.0 213.0 
sandstorm_12.jpg -1 
sandstorm_17.jpg 268.5 211.0 
sandstorm_.jpg -1 
sandstorm_1.jpg -1 
sandstorm_10.jpg -1 
sandstorm_5.jpg -1 
sandstorm_16.jpg 363.0 203.0 
sandstorm_6.jpg 669.0 194.5 732.0 215.0 
rain_7.jpg 164.0 58.5 129.0 64.0 228.0 75.5 
rain_20.jpg 80.0 114.5 164.0 57.0 209.5 135.5 
rain_1.jpg 362.0 89.5 190.0 155.0 
rain_18.jpg 286.0 115.0 95.5 176.0 
rain_15.jpg 9.5 26.0 102.0 33.5 
rain_11.jpg -1 
rain_2.jpg -1 
rain_17.jpg 152.0 55.0 
rain_16.jpg 379.0 135.5 300.5 151.0 531.0 174.5 
rain_19.jpg 546.5 170.5 
rain_133.jpeg 866.5 177.0 594.0 56.5 734.5 60.0 555.0 42.5 
rain_5.jpg -1 
rain_14.jpg -1 
rain_9.jpg 140.5 79.5 87.0 121.0 208.0 34.0 
rain_3.jpg 321.0 461.5 
rain_6.jpg 354.5 118.0 33.5 91.0 
rain_4.jpg 431.5 203.0 
rain_8.jpg -1 
rain_10.jpg 74.5 26.0 136.0 37.0 
snow_17.jpg -1 
snow_3.jpg 461.0 404.0 333.0 475.5 722.0 335.5 1137.5 296.5 
snow_14.jpg 1229.5 302.5 1055.5 224.0 347.5 153.0 
snow_10.jpg 69.5 127.0 
snow_8.jpg 176.5 82.5 113.0 66.0 
snow_11.jpg 161.0 215.5 898.5 218.5 1066.0 214.0 
snow_5.jpg 339.0 252.5 
snow_20.jpg 591.0 303.5 
snow_13.jpg -1 
snow_15.jpg 122.0 202.0 343.5 254.5 505.0 204.0 
snow_6.jpg 131.0 60.5 
snow_4.jpg 527.5 273.0 261.5 259.0 924.5 251.0 
snow_2.jpg -1 
snow_18.jpg 143.0 46.0 
snow_19.jpg 381.0 261.0 
snow_16.jpg 1404.5 336.5 
snow_9.jpg 133.5 93.0 
snow_7.jpg 134.0 72.0 
snow_12.jpg 371.0 236.0 358.0 142.5 169.0 179.0 
snow_1.jpg 868.0 216.5 526.0 266.5 395.5 184.5 313.5 274.5 
fog_2.jpg 204.0 160.5 99.0 152.5 
fog_1.jpg -1 
fog_20.jpg 1170.0 322.0 
fog_9.jpg -1 
fog_7.jpg 33.0 69.0 
fog_18.jpg 291.0 310.5 433.0 281.5 532.5 313.0 
fog_6.jpg 291.5 114.5 376.5 95.0 601.0 103.0 
fog_11.jpg 1180.5 238.5 1282.0 279.0 
fog_16.jpg 943.0 377.5 1106.5 459.0 
fog_14.jpg 123.5 69.5 
fog_13.png 571.5 355.5 
fog_19.jpg -1 
fog_10.jpg 595.0 202.0 
fog_17.jpg 348.5 834.5 742.5 812.0 1113.5 670.5 1323.0 719.0 
fog_4.jpg -1 
fog_8.jpg 323.0 195.0 
fog_3.jpg 92.5 91.5 
fog_15.jpg 200.0 123.5 244.0 118.5 225.0 128.5 
fog_5.jpg -1 
fog_12.jpg 714.5 334.5 
beach_6.jpg 1281.5 752.0 1327.0 806.0 1192.5 812.5 850.0 751.5 604.5 822.0 188.0 881.0 57.0 835.5 81.5 939.5 415.0 727.0 530.0 677.0 
beach_5.jpg -1 
beach_8.jpg -1 
beach_3.jpg 184.0 883.5 56.5 835.5 322.0 774.5 412.0 725.5 531.0 676.0 1284.0 755.0 1332.5 806.5 
beach_2.jpg 134.0 120.0 176.0 132.0 201.0 119.0 245.5 125.0 
beach_.jpeg 234.5 851.0 1339.5 914.0 1056.5 930.0 793.0 497.0 793.5 382.5 488.0 586.5 581.0 543.5 285.0 682.5 114.5 804.0 138.0 660.0 273.0 506.5 370.5 523.0 440.0 505.5 
beach_9.jpg -1 
beach_4.jpg 157.0 91.5 78.5 152.5 103.5 153.5 
beach_7.jpg 148.5 737.0 317.0 720.5 458.0 751.0 
beach_!.png -1 
