fog_17.txt 0.179917 0.649416 0.383325 0.631907 0.574858 0.521790 0.683015 0.559533 
snow_15.txt 0.194888 0.484412 0.548722 0.610312 0.806709 0.489209 
night_6.txt 0.415193 0.616225 0.926639 0.666147 0.133715 0.226989 0.281998 0.368955 0.392300 0.362715 0.589490 0.534321 0.659729 0.454758 0.595213 0.374415 0.569719 0.517161 0.625390 0.482059 0.469303 0.301872 0.855879 0.460998 0.810094 0.474259 0.991155 0.441498 
sandstorm_6.txt 0.653320 0.337674 0.714844 0.373264 
fog_16.txt 0.785833 0.471875 0.922083 0.573750 
night_9.txt 0.223636 0.445355 0.376364 0.595628 0.467273 0.549180 0.518182 0.756831 0.658182 0.863388 0.670909 0.554645 0.558182 0.568306 0.950909 0.658470 0.889091 0.636612 0.760000 0.521858 0.901818 0.549180 
fog_18.txt 0.363750 0.517500 0.541250 0.469167 0.665625 0.521667 
snow_9.txt 0.485455 0.508197 
rain_7.txt 0.616541 0.309524 0.484962 0.338624 0.857143 0.399471 
night_1.txt 0.487273 0.464481 0.929091 0.497268 0.685455 0.202186 0.620000 0.155738 0.920000 0.245902 0.758182 0.213115 
sandstorm_7.txt 0.262667 0.287744 0.440000 0.489343 
sandstorm_8.txt 0.391057 0.430488 
night_19.txt 0.459286 0.566942 
snow_1.txt 0.667692 0.251452 0.404615 0.309524 0.304231 0.214286 0.241154 0.318815 
snow_5.txt 0.521538 0.583141 
rain_20.txt 0.200000 0.381667 0.410000 0.190000 0.523750 0.451667 
fog_7.txt 0.130435 0.346734 
rain_6.txt 0.316518 0.220974 0.029911 0.170412 
night_17.txt 0.728027 0.478299 0.812012 0.461806 0.547363 0.492188 0.159180 0.498264 0.259277 0.480903 0.454590 0.493056 0.289062 0.429688 0.644043 0.473958 
rain_19.txt 0.780714 0.410843 
sandstorm_20.txt 0.470556 0.561667 0.661667 0.392500 0.212222 0.355000 
night_11.txt 0.913776 0.729167 0.868367 0.788949 0.420408 0.620471 0.514796 0.500906 0.408163 0.664855 0.114796 0.791667 0.242857 0.737319 0.221429 0.665761 
snow_6.txt 0.438127 0.360119 
night_8.txt 0.176596 0.833333 0.221277 0.644444 0.388298 0.646296 0.459574 0.703704 0.726596 0.840741 0.388298 0.748148 0.091489 0.866667 
night_15.txt 0.346923 0.776923 
rain_1.txt 0.556923 0.206697 0.292308 0.357968 
night_18.txt 0.855435 0.602317 0.700000 0.318533 0.795652 0.260618 0.478261 0.633205 0.913043 0.227799 0.934783 0.276062 0.605435 0.332046 
beach_2.txt 0.487273 0.655738 0.640000 0.721311 0.730909 0.650273 0.892727 0.683060 
fog_20.txt 0.609375 0.297597 
night_16.txt 0.613542 0.385156 0.916667 0.383594 0.881771 0.470313 0.420312 0.506250 0.345833 0.541406 0.509375 0.514062 0.170313 0.447656 0.451562 0.296094 
rain_133.txt 0.722083 0.280952 0.495000 0.089683 0.612083 0.095238 0.462500 0.067460 
night_20.txt 0.453333 0.893000 0.501333 0.750000 0.276667 0.752000 0.312000 0.834000 0.148000 0.744000 0.190667 0.815000 0.616000 0.798000 
beach_6.txt 0.854333 0.764228 0.884667 0.819106 0.795000 0.825711 0.566667 0.763720 0.403000 0.835366 0.125333 0.895325 0.038000 0.849085 0.054333 0.954776 0.276667 0.738821 0.353333 0.688008 
rain_18.txt 0.476667 0.288945 0.159167 0.442211 
night_10.txt 0.656982 0.664388 0.329834 0.782552 0.326660 0.523763 0.422119 0.388021 0.368408 0.484049 0.848389 0.660482 0.883789 0.768555 0.700195 0.375000 0.517334 0.373047 0.474121 0.378906 0.170654 0.435221 0.226318 0.331706 0.164795 0.747396 0.816406 0.319661 
fog_6.txt 0.450541 0.283416 0.581917 0.235149 0.928903 0.254950 
rain_4.txt 0.359583 0.225556 
sandstorm_15.txt 0.291992 0.396094 
snow_11.txt 0.123846 0.250290 0.691154 0.253775 0.820000 0.248548 
snow_10.txt 0.394886 0.444056 
fog_14.txt 0.476834 0.358247 
sandstorm_18.txt 0.521250 0.437372 
night_3.txt 0.399902 0.880875 0.438965 0.746353 0.289551 0.824959 0.264160 0.755267 0.235840 0.944084 0.222656 0.710697 0.314941 0.714749 0.107910 0.820908 0.196777 0.812804 0.162598 0.744733 0.535645 0.794976 
fog_8.txt 0.315430 0.333333 
rain_16.txt 0.612278 0.307955 0.485460 0.343182 0.857835 0.396591 
snow_8.txt 0.673664 0.427461 0.431298 0.341969 
snow_7.txt 0.471831 0.404494 
fog_11.txt 0.694412 0.211436 0.754118 0.247340 
snow_3.txt 0.354615 0.469222 0.256154 0.552265 0.555385 0.389663 0.875000 0.344367 
night_7.txt 0.049219 0.716471 0.376563 0.844706 0.150000 0.509412 0.934375 0.947059 0.638281 0.808235 0.706250 0.854118 0.539844 0.583529 0.423438 0.535294 0.457031 0.662353 0.480469 0.504706 0.621094 0.664706 0.826562 0.634118 
fog_2.txt 0.318750 0.334375 0.154688 0.317708 
fog_3.txt 0.320069 0.522857 
snow_16.txt 0.702250 0.336500 
snow_4.txt 0.515640 0.400293 0.255621 0.379765 0.903715 0.368035 
fog_10.txt 0.929688 0.564246 
fog_12.txt 0.714500 0.500749 
sandstorm_14.txt 0.207447 0.583799 0.645390 0.396648 0.476950 0.608939 
night_2.txt 0.758000 0.754518 0.653000 0.707831 0.910000 0.837349 0.401000 0.658133 0.268000 0.615964 0.518000 0.618976 0.884000 0.540663 0.905000 0.584337 0.657000 0.390060 
snow_19.txt 0.476250 0.489681 
sandstorm_4.txt 0.900391 0.283898 
rain_9.txt 0.536260 0.414062 0.332061 0.630208 0.793893 0.177083 
night_4.txt 0.475833 0.748750 0.355833 0.757500 0.293333 0.736250 0.188333 0.758750 0.144167 0.827500 0.076667 0.833750 0.121667 0.762500 0.055833 0.751250 0.155000 0.752500 0.127500 0.710000 0.008333 0.731250 
snow_12.txt 0.618333 0.524444 0.596667 0.316667 0.281667 0.397778 
snow_14.txt 0.945769 0.316092 0.811923 0.234065 0.267308 0.159875 
sandstorm_13.txt 0.667778 0.395105 0.647778 0.396853 
rain_3.txt 0.117111 0.258543 
night_12.txt 0.583000 0.725637 0.498500 0.640180 0.639000 0.658171 0.666500 0.598951 0.283000 0.645427 0.250000 0.530735 0.506000 0.582459 0.132500 0.922039 0.156500 0.568966 0.471500 0.715142 0.351500 0.584708 0.426000 0.639430 0.049000 0.616192 0.158000 0.445277 0.240500 0.463268 0.488500 0.465517 0.800000 0.482759 
sandstorm_19.txt 0.133333 0.354167 0.291667 0.297619 0.338333 0.458333 0.921667 0.250000 0.790000 0.288690 
rain_10.txt 0.284351 0.135417 0.519084 0.192708 
fog_15.txt 0.772201 0.636598 0.942085 0.610825 0.868726 0.662371 
fog_13.txt 0.544286 0.526667 
beach_.txt 0.146563 0.798311 0.837187 0.857411 0.660312 0.872420 0.495625 0.466229 0.495937 0.358818 0.305000 0.550188 0.363125 0.509850 0.178125 0.640244 0.071563 0.754221 0.086250 0.619137 0.170625 0.475141 0.231563 0.490619 0.275000 0.474203 
sandstorm_17.txt 0.447500 0.468889 
night_5.txt 0.075000 0.437500 0.100833 0.351389 0.197500 0.451389 0.260833 0.373611 0.440000 0.447222 0.637500 0.512500 0.576667 0.523611 0.778333 0.487500 0.980833 0.451389 
beach_3.txt 0.122667 0.897866 0.037667 0.849085 0.214667 0.787093 0.274667 0.737297 0.354000 0.686992 0.856000 0.767276 0.888333 0.819614 
rain_15.txt 0.029231 0.167742 0.313846 0.216129 
night_13.txt 0.538690 0.558333 0.764881 0.809375 0.968452 0.635417 0.898214 0.486458 0.777381 0.312500 0.279762 0.813542 0.400000 0.752083 0.669643 0.677083 0.747024 0.546875 
night_14.txt 0.731667 0.795000 0.445000 0.918750 0.300833 0.933750 0.486667 0.725000 0.517500 0.572500 0.165000 0.850000 0.224167 0.641250 0.376667 0.670000 0.370833 0.566250 0.635833 0.932500 
snow_20.txt 0.492500 0.481746 
beach_7.txt 0.099000 0.737000 0.211333 0.720500 0.305333 0.751000 
rain_17.txt 0.506667 0.327381 
beach_4.txt 0.570909 0.500000 0.285455 0.833333 0.376364 0.838798 
sandstorm_16.txt 0.585484 0.495122 
snow_18.txt 0.520000 0.251366 
